Timestamp,D4:22:CD:00:05:5D_EulerX,D4:22:CD:00:05:5D_EulerY,D4:22:CD:00:05:5D_EulerZ,D4:22:CD:00:05:5D_FreeAccX,D4:22:CD:00:05:5D_FreeAccY,D4:22:CD:00:05:5D_FreeAccZ,D4:22:CD:00:05:5E_EulerX,D4:22:CD:00:05:5E_EulerY,D4:22:CD:00:05:5E_EulerZ,D4:22:CD:00:05:5E_FreeAccX,D4:22:CD:00:05:5E_FreeAccY,D4:22:CD:00:05:5E_FreeAccZ,D4:22:CD:00:05:6B_EulerX,D4:22:CD:00:05:6B_EulerY,D4:22:CD:00:05:6B_EulerZ,D4:22:CD:00:05:6B_FreeAccX,D4:22:CD:00:05:6B_FreeAccY,D4:22:CD:00:05:6B_FreeAccZ,D4:22:CD:00:05:6E_EulerX,D4:22:CD:00:05:6E_EulerY,D4:22:CD:00:05:6E_EulerZ,D4:22:CD:00:05:6E_FreeAccX,D4:22:CD:00:05:6E_FreeAccY,D4:22:CD:00:05:6E_FreeAccZ,D4:22:CD:00:49:AA_EulerX,D4:22:CD:00:49:AA_EulerY,D4:22:CD:00:49:AA_EulerZ,D4:22:CD:00:49:AA_FreeAccX,D4:22:CD:00:49:AA_FreeAccY,D4:22:CD:00:49:AA_FreeAccZ
989.3718917369844,144.62950134277344,-45.398704528808594,-92.75899505615234,3.4475083351135254,-5.746950149536133,-2.0587453842163086,-165.2497100830078,-66.36628723144531,-91.38701629638672,-1.8774471282958984,-0.439694881439209,-3.6528635025024414,-4.699517250061035,-45.75308227539063,-142.560546875,-16.79969024658203,-8.261117935180664,9.623401641845703,-116.08230590820312,-77.59069061279297,24.10533332824707,8.56673812866211,1.186708927154541,23.439640045166016,156.60986328125,-74.77030181884766,64.53392028808594,3.1052441596984863,1.2428309917449951,0.1662044525146484
989.3828773498536,-14.938246726989746,-55.99449157714844,79.5443115234375,0.9599331617355348,1.239699363708496,4.561091423034668,98.04329681396484,-72.84154510498047,7.637211322784424,10.889806747436523,7.529726028442383,-1.498491287231445,163.94192504882812,-38.46114730834961,-80.4425277709961,-44.45772552490234,-31.58673477172852,-17.162975311279297,93.06034088134766,-44.08171844482422,-177.65121459960938,-14.815511703491213,-3.412004947662353,10.803115844726562,160.98486328125,-73.9791488647461,60.31364440917969,0.5800663232803345,2.5484728813171387,-0.3235502243041992
989.4399468898772,151.85829162597656,-72.60580444335938,-84.0151138305664,-5.985762596130371,4.134114265441895,2.74454116821289,170.6014404296875,-69.71925354003906,-43.11634826660156,-0.7708618640899658,0.7553304433822632,-0.5453367233276367,33.79389190673828,38.741981506347656,-101.04037475585938,-4.063503265380859,-20.660648345947266,-17.432193756103516,-32.91579055786133,4.709447383880615,-164.6673583984375,-22.738819122314453,-7.261556625366211,-16.09774398803711,-31.74024200439453,-49.41597366333008,-117.5621337890625,-3.9622530937194815,-6.31455135345459,0.7268085479736328
989.4706008434296,146.25775146484375,-61.476654052734375,-80.55624389648438,-4.523900032043457,0.6388312578201294,0.1909523010253906,174.4435577392578,-67.56163787841797,-47.11389923095703,0.084928497672081,0.6394220590591431,0.9405994415283204,22.472412109375,32.707550048828125,-124.29922485351562,-11.278038024902344,-18.898361206054688,-19.533248901367188,-33.943355560302734,-2.651350975036621,-152.31402587890625,-19.039608001708984,-11.673465728759766,-13.116031646728516,-34.434425354003906,-67.40725708007812,-116.00267791748048,-2.6207518577575684,-8.467947006225586,2.6081838607788086
989.5005984306335,138.70632934570312,-52.8425178527832,-77.01470184326172,-2.220055103302002,-1.1186277866363523,-2.349472522735596,177.1771240234375,-66.94327545166016,-50.0807991027832,-0.6521097421646118,0.2839868068695068,0.8607587814331055,17.36015510559082,24.045284271240234,-144.0897979736328,-16.763858795166016,-14.385875701904297,-19.334705352783203,-39.562286376953125,-8.914360046386719,-140.63743591308594,-19.65327835083008,-15.452262878417969,-10.610040664672852,-24.58796119689941,-80.86811065673828,-127.06673431396484,0.5323489904403687,-6.751204490661621,1.4188156127929688
989.560126066208,130.86904907226562,-46.21859359741211,-73.59684753417969,0.2731127142906189,-1.989885091781616,-6.161911964416504,179.0576934814453,-67.18106842041016,-52.25560760498047,-0.2868912816047668,0.0006645040120929,0.9113006591796876,17.342735290527344,14.14411735534668,-160.60301208496094,-21.611133575439453,-10.562063217163086,-14.615007400512695,-48.94343566894531,-14.266971588134766,-129.70433044433594,-17.643253326416016,-17.344226837158203,-8.874876022338867,43.61294555664063,-85.39474487304688,164.32444763183594,2.715917587280273,-2.8279027938842773,-0.4406871795654297
989.5911350250244,124.4148178100586,-41.19666290283203,-69.98638153076172,2.2747063636779785,-2.058310985565185,-8.284013748168945,-179.01046752929688,-68.2012939453125,-54.3172607421875,-0.273919939994812,0.1340974867343902,0.6822052001953125,18.46649169921875,4.2346367835998535,-174.38377380371094,-25.19730758666992,-5.130327224731445,-9.472917556762695,-60.97533798217773,-17.617719650268555,-118.64764404296876,-15.091459274291992,-18.771385192871094,-3.903350353240967,81.78858947753906,-82.33023071289062,125.24720001220705,2.250396251678467,-0.9340150356292723,-2.3315887451171875
989.6211774349212,120.1602020263672,-37.38371658325195,-65.89408111572266,4.221014976501465,-2.6197385787963867,-8.139516830444336,-176.56289672851562,-69.7810287475586,-56.66373825073242,-0.5687717199325562,-0.1519508063793182,0.2040376663208007,20.61115455627441,-4.832308769226074,173.60513305664062,-22.112926483154297,1.5839619636535645,-6.414120674133301,-70.22511291503906,-18.940784454345703,-107.16559600830078,-11.728559494018556,-21.594566345214844,-2.550473690032959,90.35115051269533,-79.60931396484375,114.63307189941406,0.3297962546348572,-1.7126309871673584,-3.0486536026000977
989.6512227058412,117.7441864013672,-34.9162712097168,-61.662559509277344,6.741491317749023,-2.7961301803588867,-8.109891891479492,-173.69961547851562,-71.66542053222656,-59.40198516845703,-0.1582397818565368,-0.1426360011100769,-0.0551099777221679,22.976274490356445,-13.08037281036377,162.95481872558594,-19.22823715209961,5.633917808532715,-3.93271541595459,-77.09554290771484,-17.666683197021484,-95.65071105957033,-6.38387393951416,-25.090167999267575,-5.112873077392578,93.16355895996094,-77.73723602294922,109.61550903320312,-0.5082314014434814,-2.7780961990356445,-2.131734848022461
989.6799068450928,117.53743743896484,-33.68324279785156,-57.78349685668945,10.934494018554688,-3.415558338165283,-8.705148696899414,-170.38790893554688,-73.4654312133789,-62.89671325683594,0.1027728170156478,-0.5399084091186523,-0.4699134826660156,25.30609703063965,-20.3935489654541,153.20286560058594,-14.143274307250977,9.593564987182615,-2.7457237243652344,-83.34587860107422,-13.372025489807127,-86.0064926147461,-1.5220842361450195,-25.214275360107425,-7.614104270935059,92.05001831054688,-76.3370361328125,109.13947296142578,-0.8380745649337769,-3.330096244812012,-0.5491762161254883
989.7109084129332,119.83367919921876,-33.993770599365234,-55.25512313842773,15.654096603393556,-3.808029174804688,-7.56501293182373,-166.1786651611328,-74.80572509765625,-67.64667510986328,0.3076286911964416,-1.003509283065796,-0.7044773101806641,29.306835174560547,-26.492616653442383,143.6995391845703,-7.329072952270508,12.252847671508787,-2.882730007171631,-90.18773651123048,-7.001495838165283,-78.67162322998047,1.5780420303344729,-23.766246795654297,-14.323589324951172,88.30571746826172,-75.09771728515625,111.9240264892578,-1.48878812789917,-3.638729095458984,-0.3869571685791015
989.739963054657,124.78915405273438,-35.25962829589844,-54.45428085327149,20.018016815185547,-12.472249984741213,-4.372674942016602,-160.1241455078125,-75.39813995361328,-74.17688751220703,-0.091956689953804,-2.1098194122314453,-0.1634607315063476,34.05149459838867,-29.947166442871094,135.0924530029297,-1.4851646423339844,10.273710250854492,-2.235569953918457,-98.2972640991211,-0.2190583646297454,-73.33248138427734,8.932134628295898,-19.692886352539062,-19.384033203125,88.03317260742188,-73.8163070678711,110.99552154541016,-4.471613883972168,-3.899108409881592,-0.7354745864868164
989.7705404758452,124.4181671142578,-40.517608642578125,-55.42437744140625,10.062358856201172,-14.521240234375,-7.160301208496094,-152.05043029785156,-74.69115447998047,-82.38934326171875,-1.1274244785308838,-3.5322694778442383,-0.3406333923339844,37.27037048339844,-31.93685531616211,127.23522186279295,5.04489803314209,10.822525024414062,0.3323593139648437,-102.42530059814452,4.119716167449951,-70.18172454833984,12.994939804077148,-13.271751403808594,-23.036762237548828,92.45565795898438,-72.33673095703125,104.93730926513672,-6.6508893966674805,-2.989518642425537,1.7757787704467771
989.800592660904,123.36895751953124,-46.90753936767578,-57.37052154541016,5.3158063888549805,-13.620811462402344,4.688230514526367,-143.95082092285156,-72.50629425048828,-90.01338195800781,1.058337926864624,-3.422574520111084,3.1186723709106445,38.9952392578125,-32.60549545288086,120.7319793701172,12.418155670166016,14.508346557617188,-0.6602993011474609,-99.8491439819336,4.029682159423828,-67.89309692382812,12.656763076782228,-6.891105651855469,-29.523303985595703,96.43025207519533,-70.08784484863281,99.23442840576172,-10.616903305053713,0.1847454011440277,4.401573181152344
989.8612842559814,128.2110595703125,-50.06974029541016,-60.17398071289063,5.295832633972168,-11.816448211669922,-5.17735767364502,-136.32089233398438,-68.86284637451172,-96.69164276123048,2.370727062225342,-7.702838897705078,10.70374870300293,40.56526184082031,-33.748783111572266,120.02544403076172,14.044282913208008,17.009197235107422,0.072270393371582,-93.94427490234376,-1.5124342441558838,-66.23627471923828,15.708732604980469,-10.505435943603516,-27.683467864990234,94.76476287841795,-68.15829467773438,99.34686279296876,-8.744848251342773,3.544124126434326,1.4240703582763672
989.891282081604,132.15322875976562,-52.81535339355469,-64.10419464111328,0.9894680976867676,1.4525156021118164,-3.760942459106445,-128.91354370117188,-63.96442031860352,-102.2811279296875,-7.62380313873291,-14.129560470581056,5.468829154968262,38.7484130859375,-34.83763122558594,126.32634735107422,2.107194423675537,15.619932174682615,8.555557250976562,-92.02117919921876,-11.94126319885254,-66.40087890625,12.517610549926758,-13.707778930664062,-20.734580993652344,90.04422760009766,-68.62759399414062,102.06603240966795,-3.488246440887451,9.961111068725586,-4.566849708557129
989.9203600883484,138.34434509277344,-55.03773880004883,-68.23058319091797,4.413534164428711,-3.929396629333496,-1.7448177337646484,-128.9990997314453,-60.541259765625,-101.47150421142578,-15.141716003417969,-8.972383499145508,-4.769120216369629,33.593902587890625,-35.49746322631836,137.19180297851562,2.852510452270508,15.151168823242188,5.822837829589844,-95.13313293457033,-25.108970642089844,-67.85281372070312,12.663768768310549,-17.911209106445312,-10.113000869750977,90.2860336303711,-70.2309341430664,102.50170135498048,0.2674724459648132,8.772209167480469,-5.631346702575684
989.950437784195,143.64041137695312,-56.43724060058594,-72.70645904541016,3.589742660522461,-2.494012355804444,-0.3354711532592773,-134.18446350097656,-59.939697265625,-99.9955825805664,-6.617584228515625,-0.522270679473877,-1.3780460357666016,29.766002655029297,-33.79853057861328,150.49203491210938,-5.13707160949707,18.981746673583984,10.396549224853516,-100.53559112548828,-39.130027770996094,-70.81023406982422,13.409286499023438,-25.557750701904297,4.255597114562988,99.758056640625,-71.05667114257812,95.67039489746094,-0.184009164571762,4.796186447143555,-4.043267250061035
989.980098247528,146.72621154785156,-57.44795608520508,-76.40602111816406,2.691887855529785,-3.330348014831543,-0.0626516342163086,-140.46014404296875,-60.98540115356445,-97.40128326416016,-8.247030258178711,-6.782079696655273,-3.364104747772217,28.28854179382324,-28.788475036621094,165.01397705078125,-23.23937225341797,12.792625427246094,10.366657257080078,-104.13856506347656,-54.21648788452149,-76.8038330078125,10.27423858642578,-25.34702682495117,21.04769897460937,106.89363098144533,-71.12661743164062,89.71947479248047,1.607560157775879,1.30250883102417,4.279385566711426
990.010516166687,150.14285278320312,-58.2812385559082,-79.75473022460938,3.5469183921813965,-2.873013496398926,-0.9761295318603516,-153.0810546875,-64.99041748046875,-89.62752532958984,-7.63379955291748,-1.2576992511749268,-4.613259315490723,24.984664916992188,-21.643842697143555,179.57810974121094,-30.17784118652344,1.0500807762145996,5.693325996398926,-95.05489349365234,-71.21869659423828,-91.09557342529295,1.2972867488861084,-13.800739288330078,38.21527099609375,106.88481903076172,-72.07058715820312,89.88023376464844,1.5908994674682615,1.084702968597412,5.784482002258301
990.0405750274658,153.0316162109375,-59.16448593139648,-81.74614715576172,3.482885837554932,-1.9938950538635252,0.2586555480957031,-172.3648223876953,-70.64051055908203,-73.48406982421875,-1.926391839981079,-2.084800243377685,-3.3370490074157715,18.48519325256348,-14.009825706481934,-166.22560119628906,-31.105976104736328,-6.091135025024414,0.0734624862670898,12.69701862335205,-83.3240966796875,164.16685485839844,-8.953767776489258,5.095703125,32.8291015625,105.46418762207033,-73.64299011230469,92.22401428222656,0.7477123737335205,4.078390121459961,1.9476661682128904
990.071144104004,154.81845092773438,-60.45491409301758,-82.67504119873047,1.6732323169708252,-1.263416051864624,1.0811882019042969,155.60296630859375,-74.4725341796875,-40.8315315246582,3.340519428253174,2.6008405685424805,0.3445425033569336,12.63075828552246,-5.951127052307129,-152.26895141601562,-28.709518432617188,-10.508852005004885,-5.999621391296387,71.41362762451172,-62.96306991577149,110.1273422241211,-9.537160873413086,11.195480346679688,19.947742462158203,108.0311279296875,-74.72863006591797,90.53327178955078,1.6480562686920166,5.425260543823242,-0.2830266952514648
990.1001918315887,156.01776123046875,-62.39716720581055,-83.68647766113281,1.2722563743591309,-1.212147235870361,0.6074066162109375,120.6377944946289,-72.50506591796875,-2.774818181991577,9.452396392822266,7.360186576843262,-2.0222320556640625,8.590429306030273,1.9396318197250368,-137.93994140625,-21.91329574584961,-14.840024948120115,-16.20459747314453,76.63008117675781,-41.191009521484375,102.3973159790039,-9.24332046508789,12.786361694335938,7.952110290527344,109.81753540039062,-74.96858978271484,88.59138488769531,1.477983474731445,4.008810997009277,-2.0430216789245605
990.1608664989471,157.18942260742188,-64.49909973144531,-85.35731506347656,1.6445887088775637,-2.295008659362793,-0.7441015243530273,99.49549865722656,-67.01819610595703,21.969621658325195,10.737892150878906,9.252532958984377,-4.050634384155273,7.217633247375488,9.271604537963867,-122.32524871826172,-12.95648956298828,-15.83534049987793,-18.09868621826172,71.13472747802734,-22.59482955932617,98.57691955566406,-7.383696556091309,14.979972839355469,-4.924159049987793,109.02114868164062,-74.78260803222656,88.72085571289062,-0.4976603388786316,1.2747981548309326,-2.835767269134521
990.1908657550812,158.48081970214844,-66.05961608886719,-87.14862823486328,0.6052075624465942,-2.480045795440674,-1.1343965530395508,85.99893951416016,-61.66080474853516,37.41450119018555,10.108619689941406,11.832941055297852,-3.3936710357666016,8.386185646057129,16.203718185424805,-105.5604476928711,-6.649178504943848,-13.48988914489746,-19.36599349975586,65.71929168701172,-5.918489456176758,94.43312072753906,-5.617369651794434,11.548870086669922,-14.55331039428711,106.34747314453124,-74.82581329345703,90.93631744384766,-0.903745174407959,0.0663460344076156,-2.942640781402588
990.220909833908,160.1146697998047,-67.04225158691406,-88.65451049804688,1.8267958164215088,-3.942037105560303,-1.5247373580932615,78.23029327392578,-56.93226623535156,48.26064682006836,8.89769172668457,13.462974548339844,-1.949631690979004,12.06606674194336,21.4140739440918,-88.36666870117188,-1.116811990737915,-9.971441268920898,-18.192527770996094,63.64135360717773,9.213653564453123,88.25965881347656,-2.6647262573242188,7.414939880371094,-19.397571563720703,102.77550506591795,-74.97330474853516,94.8973159790039,0.4009259343147278,1.061354160308838,-4.900874137878418
990.2507338523864,163.16061401367188,-66.68338012695312,-91.01577758789062,1.774895429611206,-3.114302158355713,-2.157554149627685,75.98186492919922,-52.82647705078125,55.02559661865234,3.803931713104248,13.558305740356444,-5.471377372741699,16.019556045532227,23.75263977050781,-71.55421447753906,2.0338540077209477,-5.261817932128906,-16.499889373779297,62.48783874511719,21.45016860961914,79.98133087158203,0.2679582834243774,-1.0916509628295898,-22.913375854492188,102.80343627929688,-74.5250015258789,95.6013412475586,-1.6380829811096191,1.6535780429840088,-4.099857330322266
990.2803976535796,166.67713928222656,-65.22496795654297,-94.52888488769533,0.6418813467025757,-1.002103328704834,-0.189422607421875,75.23729705810547,-51.04557418823242,58.33296585083008,5.856229782104492,7.060967445373535,-2.0393848419189453,17.619186401367188,21.98583030700684,-55.67703628540039,2.5083017349243164,-0.9144693613052368,-12.415739059448242,61.21223068237305,27.834716796875,70.64664459228516,2.163233757019043,-12.11988639831543,-20.60284423828125,105.072021484375,-73.3306884765625,92.34049987792967,-6.1024675369262695,0.9435150623321532,0.0012693405151367
990.3104050159454,169.3275146484375,-63.72173690795898,-97.32561492919922,3.0510568618774414,-2.1607837677001958,0.0975618362426757,74.00714874267578,-50.90195846557617,57.99050521850586,8.820629119873047,-11.397329330444336,9.267999649047852,16.19768714904785,16.37934112548828,-42.31077575683594,4.947670936584473,3.8911619186401367,-4.092032432556152,58.57277297973633,26.40448760986328,64.91352081298828,9.330286026000977,-12.462404251098633,-15.752944946289062,106.99689483642578,-72.1637191772461,89.8553466796875,-8.799009323120117,2.841339588165283,10.074800491333008
990.3404831886292,170.31329345703125,-62.53648376464844,-98.2132339477539,3.1478939056396484,-1.3927152156829834,0.6678762435913086,73.90396118164062,-52.542118072509766,55.46435928344727,4.53315544128418,2.536065101623535,5.028682708740234,14.157901763916016,9.500325202941896,-34.80447769165039,3.4341750144958496,18.375019073486328,-0.347996711730957,58.27859115600586,26.05940818786621,69.417236328125,16.660633087158203,-11.754535675048828,-3.336397171020508,106.92745971679688,-73.3211898803711,93.11904907226562,-7.062636375427246,0.7930372953414917,4.45456600189209
990.3710496425628,169.9424591064453,-62.0213623046875,-97.4006805419922,2.327791213989258,-1.2378559112548828,0.4400749206542969,79.06436157226562,-54.764915466308594,52.401981353759766,6.929325103759766,0.9292250871658324,2.639206886291504,14.213669776916504,10.338836669921877,-39.43960189819336,8.104331970214844,13.416666030883787,19.627864837646484,62.984657287597656,17.764163970947266,79.94147491455078,9.149578094482422,-6.195815086364746,-11.7254638671875,106.49082946777344,-75.17064666748047,98.29560089111328,-1.047469139099121,0.0614745244383811,-1.896417617797852
990.4010446071624,169.25819396972656,-61.94093704223633,-96.19554901123048,0.5097777843475342,-0.9273232221603394,0.2221174240112304,86.63021087646484,-55.755252838134766,49.32969284057617,10.62714958190918,5.622184753417969,1.0586414337158203,11.76396942138672,10.257150650024414,-50.11539840698242,-0.5313156843185425,6.2664079666137695,-3.8575282096862793,67.11605834960938,3.776686906814575,89.68244171142578,9.338722229003906,5.241342544555664,-12.600093841552734,110.11557006835938,-75.99524688720703,99.6836166381836,3.5647335052490234,0.2668987512588501,-4.438316345214844
990.4608294963836,168.53025817871094,-61.86963653564453,-96.04258728027344,0.8477427959442139,-2.157494068145752,-0.701563835144043,94.7843246459961,-57.0385627746582,45.09015655517578,-0.4820937514305115,11.771947860717772,-1.2357044219970703,10.36741065979004,8.431889533996582,-63.33895492553711,3.726198673248291,2.4786715507507324,-7.41053295135498,68.71746063232422,-13.31943416595459,99.33628845214844,3.5865283012390137,11.240055084228516,-6.992186546325684,112.84514617919922,-76.3763198852539,99.82156372070312,5.972896575927734,-1.6085155010223389,-2.867142677307129
990.4908459186554,167.975830078125,-61.53712463378906,-96.2387237548828,1.7327852249145508,-1.7781176567077637,0.0324201583862304,103.05186462402344,-59.85344696044922,36.2279052734375,4.739885330200195,15.632699966430664,0.946772575378418,9.329153060913086,5.435923099517822,-77.9356689453125,2.8444743156433105,-4.328094482421875,-6.628748893737793,65.74883270263672,-31.53205680847168,110.251708984375,-1.9213666915893557,13.077342987060549,0.47637939453125,113.8863754272461,-76.88768005371094,98.2764663696289,5.224599838256836,1.4758174419403076,1.2506952285766602
990.5202264785768,167.3843536376953,-61.2780876159668,-95.74339294433594,1.9515867233276367,-2.1036601066589355,-0.2070484161376953,114.0102767944336,-63.9593620300293,22.62035751342773,7.5736846923828125,11.19635009765625,-2.228701114654541,7.388140678405762,1.1380670070648191,-93.00391387939452,-3.4920763969421387,-12.597698211669922,-9.14448356628418,53.04716873168945,-50.11452865600586,127.13229370117188,-11.727453231811523,17.213558197021484,11.998821258544922,119.0074691772461,-76.7907485961914,92.076416015625,-0.5055323839187622,3.0546231269836426,3.6331939697265625
990.5512981414796,166.58973693847656,-61.15142059326172,-94.53124237060548,2.296566963195801,-1.5711517333984375,0.0848932266235351,129.98170471191406,-67.46493530273438,5.015379905700684,7.507099151611328,6.503390312194824,-2.372955322265625,7.361567497253418,-4.043496608734131,-108.03743743896484,-13.06328582763672,-18.934532165527344,-8.68022346496582,26.828100204467773,-64.2153549194336,157.06259155273438,-14.695573806762695,9.03876495361328,15.142633438110352,120.6864776611328,-77.45806884765625,90.87874603271484,-1.9284791946411133,7.055536270141602,2.78402042388916
990.5808804035188,165.09530639648438,-61.339988708496094,-92.5227508544922,1.6462459564208984,-1.193803071975708,0.6733217239379883,150.3490753173828,-69.42486572265625,-15.161172866821287,4.478577613830566,2.5237298011779785,-2.631124973297119,12.79559326171875,-8.342545509338379,-123.21041107177734,-13.263498306274414,-14.364620208740234,-6.989263534545898,-14.0726900100708,-68.73731231689453,-156.58509826660156,-11.22169303894043,-2.2649803161621094,15.553644180297852,120.44580078125,-78.37861633300781,92.89942932128906,-0.3817938566207886,6.258392333984375,0.2745618820190429
990.6109087467194,162.69656372070312,-62.00333786010742,-89.83734130859375,1.8089725971221924,-1.1874868869781494,0.7131242752075195,171.74412536621094,-69.82281494140625,-34.750736236572266,1.4231159687042236,0.1096777468919754,-3.680716037750244,21.210134506225582,-11.591527938842772,-137.60243225097656,-18.223857879638672,-12.885856628417969,-7.520357131958008,-46.72834396362305,-63.0786018371582,-118.36145782470705,-9.371465682983398,-12.73712921142578,14.757503509521484,123.09323120117188,-78.83076477050781,92.54586791992188,0.7096730470657349,3.0509815216064453,-1.1581478118896484
990.640953540802,159.39459228515625,-63.116458892822266,-86.3019790649414,1.7652885913848877,-1.498183012008667,0.2628192901611328,-168.81546020507812,-69.30513000488281,-51.72008514404297,-0.8476183414459229,-0.7960402965545654,-4.6455488204956055,31.1914005279541,-14.215716361999512,-150.70993041992188,-18.182621002197266,-10.061243057250977,-6.451653480529785,-65.7422866821289,-53.28497314453125,-97.37356567382812,-5.230560302734375,-17.81035614013672,9.706184387207031,129.35549926757812,-78.94939422607422,88.73860168457031,0.5726581811904907,1.1813225746154783,-2.1721014976501465
990.6706755161284,155.5054931640625,-64.35352325439453,-82.10272979736328,1.6195874214172363,-1.6812090873718262,-0.1983985900878906,-152.3055419921875,-68.5673828125,-65.49143981933594,-3.20002555847168,-1.6931111812591553,-5.139642715454102,37.44476318359375,-17.1943359375,-162.67640686035156,-17.457366943359375,-8.061576843261719,-2.474860191345215,-77.13442993164062,-43.11460876464844,-85.15608215332031,-0.7172129154205322,-18.404098510742188,7.189504623413086,136.3577117919922,-78.9784927368164,84.16304016113281,-0.112343356013298,1.7976479530334473,-3.019093990325928
990.7010815143584,151.48489379882812,-65.4501953125,-77.58236694335938,1.301034927368164,-2.016730308532715,-0.4059438705444336,-140.1204071044922,-68.02714538574219,-76.22491455078125,-4.745109558105469,-3.431492805480957,-5.14080810546875,36.5810546875,-20.870620727539062,-173.69781494140625,-19.912891387939453,-3.961336135864258,-0.9861116409301758,-83.11305236816406,-33.741973876953125,-76.4393081665039,3.658006191253662,-20.202625274658203,3.789952278137207,142.85252380371094,-78.60552978515625,79.77909088134766,-1.93507981300354,3.609982967376709,-3.3329787254333496
990.7607808113098,147.67971801757812,-66.20555877685547,-73.14749908447266,1.368753433227539,-2.226644515991211,-0.6959705352783203,-133.8681640625,-67.74945068359375,-83.5165023803711,-6.528091430664063,-3.5811924934387207,-4.4900970458984375,32.54833221435547,-24.366361618041992,175.6061248779297,-21.54207992553711,3.740020751953125,-2.381896495819092,-84.80081939697266,-25.62189483642578,-69.65105438232422,7.758567810058594,-18.49320602416992,-3.77006721496582,147.023193359375,-77.89054870605469,77.82655334472656,-5.225408554077148,3.749948024749756,-2.317978858947754
990.7902348041534,144.21319580078125,-66.44732666015625,-68.87593841552734,1.4178106784820557,-2.3116421699523926,-0.8001184463500977,-136.4512481689453,-67.3643569946289,-86.3675537109375,-11.65822982788086,-3.829309463500977,-2.792923927307129,33.03231430053711,-27.126955032348636,164.1321563720703,-19.257400512695312,13.070659637451172,-4.302508354187012,-83.33712768554688,-18.823522567749023,-64.18501281738281,10.991399765014648,-11.788740158081056,-6.539546012878418,148.7971649169922,-77.55964660644531,78.51263427734375,-6.967106819152832,1.13753342628479,-0.3225269317626953
990.8202452659608,141.0333709716797,-65.98028564453125,-64.85658264160156,2.668412208557129,-3.160581588745117,-0.7454748153686523,-143.20086669921875,-68.06463623046875,-87.69683074951172,-12.131309509277344,-14.383169174194336,1.5668621063232422,42.59850692749024,-28.87118530273437,151.60769653320312,-9.63510513305664,17.604583740234375,-3.3091726303100586,-77.14080047607422,-12.836159706115724,-58.97578048706055,15.862640380859377,-9.482099533081056,-16.358501434326172,151.50465393066406,-77.29317474365234,78.2281265258789,-6.591034889221191,-4.365009307861328,2.97064208984375
990.8502979278564,138.34588623046875,-64.47651672363281,-60.99225997924805,1.522801637649536,-3.2837371826171875,-0.7981662750244141,-152.72776794433594,-69.22643280029297,-79.96819305419922,-5.414880752563477,-14.477005004882812,1.491337776184082,54.48919296264648,-28.96264266967773,139.49661254882812,0.2066368162631988,17.03314971923828,-0.4833488464355469,-72.5191879272461,-7.823783874511719,-55.31240081787109,19.508697509765625,-5.836471557617188,-23.204978942871094,157.12838745117188,-77.28751373291016,75.76980590820312,-3.3579349517822266,-7.952486038208008,5.557330131530762
990.8809757232666,136.4302215576172,-61.48100662231445,-58.67375183105469,2.141691207885742,-5.563530921936035,-0.9035091400146484,-160.01815795898438,-70.91737365722656,-68.96375274658203,3.482578754425049,-7.578330993652344,6.359415054321289,61.70425033569336,-27.62726402282715,130.64724731445312,9.570798873901367,24.17615127563477,-1.483163833618164,-73.04126739501953,-6.473868846893311,-54.29369354248047,20.558666229248047,-3.822965621948242,-24.86463928222656,163.04054260253906,-78.44374084472656,72.53485107421875,0.6315646171569824,-10.11741065979004,3.6261472702026367
990.9104161262512,135.66183471679688,-56.419227600097656,-57.67720413208008,5.306017875671387,-8.693870544433594,6.01799201965332,-166.967529296875,-69.974365234375,-62.5420150756836,3.036252975463867,-1.5841238498687744,1.0681276321411133,66.47526550292969,-26.63432884216309,128.68701171875,11.374847412109377,25.182029724121094,-4.395642280578613,-78.84846496582031,-9.912970542907717,-56.88589096069336,19.74243927001953,-10.068082809448242,-16.600872039794922,167.97552490234375,-79.93909454345703,70.38341522216797,3.536266803741455,-6.080304145812988,-0.3699512481689453
990.9403955936432,135.35623168945312,-49.894996643066406,-56.9902572631836,10.397268295288086,-15.308229446411133,4.162868499755859,-172.58270263671875,-68.85647583007812,-56.71066665649414,-2.010901927947998,1.6144585609436035,-0.6616287231445312,69.45344543457031,-27.794023513793945,134.373779296875,3.211904525756836,22.3701286315918,1.8688364028930664,-85.55274963378906,-17.65185546875,-61.92390441894531,14.801849365234377,-13.26310920715332,-9.71193504333496,169.3275604248047,-80.87820434570312,70.36641693115234,9.163206100463867,-2.298419952392578,-3.38283109664917
990.971470594406,137.03163146972656,-43.80952835083008,-55.574180603027344,10.178377151489258,-10.294357299804688,-0.9157981872558594,-177.71340942382812,-68.47095489501953,-51.87583541870117,-0.71535325050354,-0.2956947684288025,0.1222963333129882,67.84455871582031,-30.745121002197266,146.540771484375,-4.621075630187988,14.985363006591797,4.42586612701416,-90.92469787597656,-27.97737693786621,-68.91577911376953,12.13463020324707,-14.65903663635254,-1.838642120361328,168.6906280517578,-81.04785919189453,68.70648193359375,7.725131034851074,-0.8781923055648804,-4.558904647827148
991.0004920959472,141.19798278808594,-39.37504959106445,-54.10978317260742,10.98666000366211,-1.7942957878112793,-1.6804313659667969,177.78477478027344,-68.28226470947266,-48.07539749145508,-1.3300561904907229,-0.8478423357009888,0.3344993591308594,61.45697021484375,-33.65196228027344,162.91270446777344,-12.861101150512695,11.175359725952148,5.471456527709961,-89.87677001953125,-39.59798049926758,-79.01305389404297,7.878863334655762,-21.73876953125,7.571231842041016,169.00326538085938,-80.2031478881836,65.47759246826172,3.3073806762695312,-0.5679943561553955,0.0689096450805664
991.0602171421052,147.8130340576172,-37.36603927612305,-53.88615798950195,8.524845123291016,-1.1161656379699707,-4.081789970397949,175.4224395751953,-68.25169372558594,-46.13468933105469,-0.2766594290733337,-0.6884340047836304,0.3906364440917969,53.04905319213867,-34.09577560424805,-178.60511779785156,-23.40143203735352,4.22453498840332,9.658544540405272,-78.10210418701172,-50.97032165527344,-94.5598373413086,-0.7170902490615845,-24.29154586791992,14.84998893737793,171.57266235351562,-79.08972930908203,62.242713928222656,-0.1655678749084472,4.0816144943237305,4.774948120117188
991.0902786254884,154.61972045898438,-38.890995025634766,-54.61321640014648,6.016700744628906,-1.1811411380767822,-7.64089298248291,173.56629943847656,-68.21316528320312,-44.8077278137207,-0.1222354918718338,-0.0130819901823997,0.2940683364868164,44.25205993652344,-31.43756103515625,-160.70675659179688,-24.501087188720703,-5.501876831054688,8.572633743286133,-49.845176696777344,-60.34341812133789,-120.96192932128906,-12.065616607666016,-18.43018341064453,19.597850799560547,174.1155242919922,-79.36320495605469,59.74617385864258,-1.2842259407043457,2.837527275085449,3.5827884674072266
991.1202297210692,159.3206787109375,-43.71965026855469,-56.23649215698242,3.0648207664489746,1.8020687103271484,-7.116015434265137,171.39810180664062,-68.40447998046875,-43.191871643066406,-0.1980867385864257,0.4816038012504577,0.7877206802368164,34.06412506103516,-26.769775390625,-144.1087646484375,-22.146385192871094,-13.449216842651367,6.581478118896484,-3.6211862564086914,-62.41918182373047,-162.01077270507812,-19.11083602905273,-11.39376449584961,14.72111701965332,176.67779541015625,-79.82166290283203,56.28217697143555,2.7579383850097656,0.7717490196228027,0.5047340393066406
991.1507909297944,162.3828887939453,-50.98259353637695,-59.41593170166016,2.17092227935791,0.5673880577087402,-5.160290718078613,169.38169860839844,-69.13341522216797,-41.47813034057617,-0.5342825651168823,0.096106544137001,0.5387153625488281,21.36879539489746,-20.26068687438965,-127.96137237548828,-19.186786651611328,-18.676414489746094,1.3274602890014648,34.76594161987305,-52.93810272216797,161.96795654296875,-21.216773986816406,-4.028848648071289,11.267906188964844,-179.88075256347656,-79.0198974609375,51.34060287475586,5.888492584228516,-0.3345082998275757,-1.1601696014404297
991.1803185939788,167.0380401611328,-59.51074981689453,-65.10340881347656,-1.4355721473693848,0.2355884611606598,-3.04056167602539,167.33763122558594,-70.18254852294922,-39.792423248291016,-0.2187583744525909,-0.0993510633707046,0.1399555206298828,9.253873825073242,-12.084007263183594,-111.72164916992188,-14.153791427612305,-18.841087341308597,-3.120861053466797,53.8587760925293,-37.09076690673828,141.16868591308594,-18.595874786376957,3.3367061614990234,3.7935400009155273,-176.32571411132812,-78.26691436767578,47.38697814941406,4.947747230529785,-0.3806658983230591,-2.4870247840881348
991.2103164196014,175.31228637695312,-68.45667266845703,-74.31472778320312,-1.6977818012237549,2.585440158843994,-1.2228193283081057,164.95013427734375,-71.17408752441406,-37.7913703918457,0.6421593427658081,-0.3579857945442199,-0.0377521514892578,1.2781747579574585,-2.922170400619507,-95.80762481689452,-7.933538436889648,-18.961181640625,-7.1554365158081055,61.28414535522461,-20.40226554870605,128.26292419433594,-13.413848876953123,6.747525215148926,-5.144414901733398,-172.86312866210938,-78.45069885253906,43.47705078125,2.023317813873291,0.8004540205001831,-2.664482593536377
991.2404675483704,-167.2649688720703,-76.36370086669922,-91.34467315673828,-4.4717512130737305,4.983808517456055,1.4887447357177734,162.78834533691406,-71.76776885986328,-35.66808319091797,0.0781908631324768,-0.8684320449829102,-0.5045928955078125,-1.6628894805908203,5.564202785491943,-80.60452270507812,-1.0325162410736084,-15.078584671020508,-10.986312866210938,63.48068618774414,-5.559459209442139,118.13652801513672,-7.279908180236816,5.226421356201172,-10.360048294067385,-169.97132873535156,-78.67086791992188,39.39598846435547,0.1302254498004913,1.5633916854858398,-2.495813369750977
991.2702186107635,-134.3680419921875,-81.04653930664062,-124.50178527832033,-9.071704864501951,7.565558433532715,4.106660842895508,161.03097534179688,-71.85073852539062,-34.08621597290039,-0.1728206574916839,-1.1637821197509766,-0.5999956130981445,-0.6935392618179321,11.928988456726074,-65.93633270263672,2.7191162109375,-10.476516723632812,-11.86915397644043,64.00636291503906,6.58877420425415,107.5917739868164,-3.833211898803711,3.355985164642334,-10.068197250366213,-164.4866485595703,-78.53062438964844,33.729515075683594,-0.1865895092487335,0.8310664892196655,-1.440288543701172
991.3011994361876,-98.30259704589844,-81.12142181396484,-166.46070861816406,-16.776622772216797,7.808347702026367,1.4908170700073242,159.69329833984375,-71.43363189697266,-33.04133605957031,0.4633273482322693,-0.3334445357322693,-0.6009941101074219,1.896068453788757,15.4595308303833,-51.614776611328125,6.034515380859375,-4.832151412963867,-12.816701889038086,64.16649627685547,14.862350463867188,95.89958190917967,3.6601099967956543,-0.8827991485595703,-18.89218139648437,-153.9422607421875,-78.13053894042969,24.80208778381348,1.025336742401123,-0.5353149175643921,-1.525594711303711
991.3610439300536,-90.23666381835938,-78.02704620361328,173.14930725097656,-7.719661712646484,7.012040138244629,6.185091972351074,158.38719177246094,-70.65784454345703,-31.700271606445312,1.5560665130615234,0.2762186527252197,0.3312330245971679,1.690585017204285,15.246413230895996,-38.69847106933594,7.020149230957031,7.245903015136719,-13.394014358520508,62.78963470458984,19.38075065612793,85.45441436767578,36.96965789794922,39.40161895751953,12.260457992553713,-146.53492736816406,-76.33617401123047,19.195423126220703,0.3979989290237427,-4.385746955871582,1.3036155700683594
991.3910105228424,-84.81353759765625,-76.6072006225586,161.7904052734375,7.902568817138672,-17.83553695678711,5.962172508239746,157.27597045898438,-69.68609619140625,-30.126882553100582,0.1997755467891693,-0.1382935047149658,0.8238372802734375,1.4481202363967896,15.10224151611328,-30.62969398498535,46.55847930908203,-5.07225227355957,33.75182342529297,55.47286987304688,19.641674041748047,86.23170471191406,24.92129135131836,-19.65020751953125,-21.30626678466797,-147.4776611328125,-74.13525390625,20.916259765625,-1.6717760562896729,-6.700877189636231,6.476978302001953
991.4200539588928,-80.41271209716797,-77.32386016845703,161.1511688232422,-5.485651016235352,-3.650800228118897,0.3095960617065429,157.3705291748047,-68.98409271240234,-29.54916381835937,-2.6774964332580566,-2.293917179107666,0.0171337127685546,2.6170148849487305,18.145235061645508,-33.45468521118164,-0.2562618851661682,19.461448669433597,-3.306149482727051,55.69068145751953,13.795531272888184,87.83660125732422,11.069475173950195,-2.926332473754883,-7.64476203918457,-150.1681671142578,-75.55431365966797,22.723581314086918,-1.3734564781188965,-4.876713752746582,3.183652877807617
991.450056552887,-88.42216491699219,-78.98672485351562,173.3496551513672,-5.608593940734863,-1.1595499515533447,4.11180591583252,159.58660888671875,-68.67122650146484,-31.41776466369629,-3.3024673461914062,-1.8150873184204104,-1.2424860000610352,1.722381591796875,16.933774948120117,-41.56624603271485,3.433882236480713,5.250748634338379,-3.8971939086914062,56.04511642456055,3.6079261302948,93.25045776367188,12.698675155639648,2.3116164207458496,-12.665206909179688,-154.5754852294922,-78.50395202636719,24.247020721435547,0.383177101612091,-2.44614315032959,-1.9136810302734373
991.4807326793672,-108.7370376586914,-79.9629898071289,-162.8876495361328,-4.028244972229004,2.025672912597656,2.286073684692383,162.53941345214844,-68.6321029663086,-34.051029205322266,0.1799685955047607,0.4095876812934875,-0.1089153289794921,-0.2250970304012298,13.503545761108398,-55.11502456665039,7.543198585510254,0.7530733346939087,-6.277138710021973,58.20756149291992,-8.871115684509277,99.8327407836914,5.614753723144531,6.566603660583496,-8.066673278808594,-161.88983154296875,-80.1438217163086,27.965259552001957,2.7838659286499023,-1.194279670715332,-3.6655478477478023
